data = [
  64, 67, 94, 89, 119, 70, 81, 104, 89, 61, 93, 79, 84, 
  76, 58, 84, 99, 83, 111, 87, 72, 104, 55, 76, 102, 100, 
  88, 86, 75, 89, 92, 67, 99, 86, 116, 60, 46, 110, 104, 
  87, 104, 68, 88, 94, 48, 99, 91, 88, 99, 57, 78, 65, 
  74, 82, 79, 115, 71, 54, 114, 93, 96, 60, 111, 104, 114, 
  78, 127, 60, 82, 131, 71, 111, 101, 120, 91, 84, 80, 113, 
  87, 104, 81, 134, 71, 112, 74, 66, 69, 83, 90, 79, 98, 
  88, 124, 47, 97, 108, 78, 104, 49, 122, 101, 91, 75, 45, 
  91, 89, 88, 78, 84, 102, 72, 78, 92, 116, 79, 103, 65, 
  101, 29, 87, 71, 127, 230, 94, 79, 80, 75, 74, 88, 27, 
  50, 86, 87, 77, 114, 95, 77, 87, 96, 101, 78, 105, 58, 
  70, 70, 99, 62, 81, 93, 87, 87, 90, 87, 82, 117, 68, 
  72, 118, 95, 127, 106, 88, 81, 109, 104, 108, 114, 96, 94, 
  111, 69, 108, 101, 55, 92, 89, 84, 38, 54, 55, 79, 77, 
  127, 79, 49, 62, 104, 88, 59, 84, 126, 54, 101, 79, 79, 
  100, 89, 100, 70, 85, 54, 315, 
]

observado = [0.005, 0.005, 0.01, 0.01, 0.01, 0.01, 0.01, 0.01, 0.01, 0.01, 0.01, 0.015, 0.015, 0.015, 0.015, 0.015, 0.015, 0.015, 0.02, 0.025, 0.03, 0.035, 0.045, 0.05, 0.05, 0.05, 0.05, 0.07, 0.085, 0.085, 0.09, 0.1, 0.105, 0.12, 0.125, 0.135, 0.135, 0.14, 0.15, 0.155, 0.165, 0.175, 0.185, 0.205, 0.225, 0.24, 0.24, 0.255, 0.27, 0.28, 0.295, 0.325, 0.37, 0.38, 0.4, 0.415, 0.425, 0.455, 0.46, 0.475, 0.52, 0.56, 0.59, 0.6, 0.62, 0.635, 0.65, 0.67, 0.68, 0.695, 0.7, 0.705, 0.73, 0.745, 0.775, 0.785, 0.79, 0.835, 0.84, 0.845, 0.845, 0.86, 0.865, 0.87, 0.89, 0.895, 0.9, 0.92, 0.925, 0.935, 0.94, 0.945, 0.95, 0.955, 0.955, 0.96, 0.96, 0.965, 0.965, 0.97, 0.99, 0.99, 0.99, 0.99, 0.995, 0.995, 0.995, 1]

teoricoExponencial = [0.26850142, 0.276923317, 0.28524825, 0.293477337, 0.301611681, 0.309652372, 0.317600489, 0.325457098, 0.333223252, 0.340899993, 0.34848835, 0.35598934, 0.36340397, 0.370733233, 0.377978114, 0.385139582, 0.392218599, 0.399216114, 0.406133065, 0.41297038, 0.419728975, 0.426409757, 0.433013622, 0.439541455, 0.445994132, 0.452372518, 0.458677468, 0.464909828, 0.471070433, 0.47716011, 0.483179676, 0.489129937, 0.495011691, 0.500825727, 0.506572825, 0.512253756, 0.517869281, 0.523420153, 0.528907117, 0.534330908, 0.539692254, 0.544991874, 0.550230478, 0.555408769, 0.560527441, 0.565587181, 0.570588666, 0.575532569, 0.580419552, 0.58525027, 0.59002537, 0.594745494, 0.599411274, 0.604023336, 0.608582299, 0.613088773, 0.617543363, 0.621946667, 0.626299274, 0.630601769, 0.634854728, 0.639058722, 0.643214315, 0.647322064, 0.651382519, 0.655396225, 0.659363721, 0.663285537, 0.667162202, 0.670994233, 0.674782146, 0.678526447, 0.682227639, 0.685886219, 0.689502677, 0.693077498, 0.696611161, 0.700104141, 0.703556905, 0.706969916, 0.710343633, 0.713678508, 0.716974987, 0.720233513, 0.723454524, 0.72663845, 0.729785719, 0.732896752, 0.735971968, 0.739011778, 0.74201659, 0.744986808, 0.747922828, 0.750825045, 0.753693849, 0.756529623, 0.759332749, 0.762103601, 0.764842553, 0.76754997, 0.770226216, 0.772871649, 0.775486626, 0.778071495, 0.780626605, 0.783152297, 0.78564891, 0.788116779]

teoricoNormal = [
0.001772968, 0.002073188, 0.002418832, 0.002815813, 0.003270654, 0.003790533, 0.004383314, 0.005057591, 0.005822715, 0.006688833, 0.007666909, 0.008768751, 0.010007025, 0.011395265, 0.01294788, 0.014680142, 0.016608173, 0.01874892, 0.021120116, 0.023740232, 0.026628412, 0.029804399, 0.033288447, 0.037101214, 0.041263647, 0.045796848, 0.050721931, 0.056059861, 0.061831285, 0.068056351, 0.074754514, 0.081944338, 0.08964329, 0.097867529, 0.106631698, 0.115948705, 0.125829525, 0.136282992, 0.147315607, 0.158931362, 0.171131568, 0.183914714, 0.197276332, 0.211208902, 0.225701764, 0.240741073, 0.256309777, 0.272387621, 0.28895119, 0.305973986, 0.323426526, 0.341276483, 0.359488855, 0.378026163, 0.396848676, 0.415914666, 0.435180681, 0.454601845, 0.474132166, 0.493724868, 0.513332723, 0.532908392, 0.552404771, 0.571775328, 0.590974436, 0.609957696, 0.628682244, 0.64710704, 0.665193135, 0.682903919, 0.700205329, 0.717066047, 0.733457649, 0.749354735, 0.764735024, 0.779579409, 0.793871994, 0.807600083, 0.820754157, 0.833327802, 0.845317629, 0.856723159, 0.867546687, 0.877793126, 0.88746984, 0.896586455, 0.905154667, 0.913188032, 0.920701764, 0.927712516, 0.934238174, 0.940297648, 0.945910663, 0.951097569, 0.955879148, 0.960276437, 0.964310565, 0.968002592, 0.971373377, 0.974443445, 0.977232877, 0.97976121, 0.982047354, 0.984109521, 0.985965165, 0.987630941, 0.989122666, 0.990455305
]

teoricoLognormal = [
8.448997673905030, 1.563697303399420, 2.783422459442870, 4.780793529460350, 7.946478880391160, 0.000128153, 0.000200987, 0.000307187, 0.000458403, 0.000669027, 0.000956449, 0.001341258, 0.001847361, 0.002502007, 0.003335711, 0.004382068, 0.005677455, 0.007260633, 0.00917225, 0.011454266, 0.014149304, 0.017299962, 0.020948094, 0.025134079, 0.029896117, 0.035269542, 0.041286194, 0.047973859, 0.055355771, 0.063450219, 0.072270232, 0.081823365, 0.092111585, 0.103131241, 0.114873139, 0.127322682, 0.140460106, 0.154260765, 0.168695491, 0.183730985, 0.199330258, 0.215453096, 0.232056536, 0.249095363, 0.266522595, 0.284289968, 0.302348405, 0.320648461, 0.339140752, 0.357776344, 0.37650712, 0.395286109, 0.414067776, 0.432808284, 0.451465714, 0.470000253, 0.488374342, 0.506552801, 0.524502911, 0.542194478, 0.559599858, 0.57669397, 0.593454278, 0.609860753, 0.625895823, 0.641544303, 0.656793311, 0.671632181, 0.686052355, 0.700047279, 0.713612288, 0.726744489, 0.73944264, 0.751707032, 0.763539368, 0.774942643, 0.785921031, 0.796479769, 0.806625047, 0.816363903, 0.825704125, 0.834654148, 0.843222968, 0.851420057, 0.859255278, 0.866738813, 0.873881091, 0.880692729, 0.887184463, 0.893367105, 0.899251484, 0.904848408, 0.910168619, 0.915222762, 0.920021347, 0.924574727, 0.928893068, 0.932986332, 0.936864258, 0.940536344, 0.944011837, 0.947299724, 0.95040872, 0.953347265, 0.956123521, 0.958745366, 0.961220396, 0.963555926
]